13405722105
15141966799
17158822738
15513289709
13412405976
15691545534
18317906485
13121359416
13990545270
13027512208
13800007804
14981274924
13230843279
17318365869
15743327226
13257348587
17614296642
15306358504
13830944794
19849393450
13199446356
18524769066
19850548800
14773385023
18645128387
13584192988
18854364066
17701153337
14571264909
17560188454
18391634491
15148861603
13374088931
17752121253
15079614376
13037143074
13683019142
18738868403
18848795482
17320882449
18760148066
15522669576
14537793289
15529588111
17325347313
17586642667
15388529080
17627596407
18640454962
13371837727
13715855387
18285366685
18010983597
15745452023
13512627054
13058016557
19936922894
17336566215
18652721516
16567852200
15398648578
15575012188
14781399488
14767962344
18340161951
19848532727
15660488991
15840974700
18577747486
18628522303
17303785054
18098729087
17661601702
18194141015
13776596055
14573645086
15689164611
17861686193
13194063827
15873122150
13874352147
15259889232
13659472049
18015747996
15117644637
15227386082
13850476801
17610883357
13504364822
18698521078
15043598405
18888578955
15853484988
18835767084
15677054364
18723626414
13203774398
13780394334
18283102139
17574157316
18257468522
16698319849
15558586622
17659646050
19889768339
14767717212
14553888874
17837961761
13843229297
19992464661
13232292591
17246683621
13206691462
18202364003
13247317493
13476304698
19909738175
15955801593
18947649636
18873094947
17658361404
13808878574
14761316076
18343296434
15080106057
15230081064
17354102661
18347548160
14576147733
13560465932
15991425938
18443133650
17857002816
17324245117
16680705869
17667185661
18837696681
18703643173
13123697516
18764631370
15167808108
15077178906
15246826810
15154961253
18904962760
14514627423
18063017609
18542441164
13342778847
17668651618
15698759839
17840257179
18492399907
13058777356
17172976412
15176593862
13544749521
13006482937
18385126354
18733366894
15812915889
19848397611
13724542914
18971535128
17206844529
17389541017
17365021061
18042883388
19916775922
15814625471
13812761483
13535435865
13719577258
16627358221
15848689468
15626031323
19987909587
17744697868
18345456563
18228314629
13187219594
18744858460
13302855022
17189476381
15268698992
15633344919
15171168540
17889993602
15356459557
15898324241
15844947644
18594106762
13880609659
18801118784
17648517085
19944884604
18803957084
17802604399
15986518364
18947299700
15112791562
18748326744
15194063628
18129791412
15655218496
16659047232
13529096149
15257503618
17796409547
13341689542
18204046992
13981998201
13569085330
17133495689
18335545637
18303903613
13627354574
15399392324
18998047148
18333184356
13834969300
18586879570
14746717584
18018529243
15092973527
18746701991
13670221955
15125395261
18921856395
15930896550
19897717155
13029388007
17686608305
18642036641
13858603834
16568285996
15307233523
13760507195
13851541066
17583729153
19941741599
17353317469
18446425448
13008723721
18995749813
18021372479
13773891258
18447574022
15302124621
14565507672
15561453519
18979198429
18101665286
15577115207
15955544401
18812325623
17297576797
15223622580
18857888267
18347217424
18995459856
15556816838
13955032277
14776384798
13302435322
18666805345
13534242671
13051623094
18086808325
15082605264
18721112560
14919442943
18465281842
13842213215
15988942539
13010536821
18295613686
13285903676
17835961029
13753011561
17704885626
13685079737
15603379935
15700911194
17236407693
17543686344
18795608159
18617565743
17679959754
15998308414
18338781706
17574326733
13226327262
13834535836
17699427543
13205524284
18611363865
14797488332
13368354780
13623598064
15722825925
18794485724
18206934425
18019492654
17894618929
17534998843
15613713455
17698052945
13628268086
17869732841
18346411621
15679627788
15561172596
17119387865
13734259322
15046029330
15527273237
17159726248
18581149641
15324178758
13114746399
13266671270
15664225871
15885758429
15149381047
18098057954
18707006610
18958132580
18970926881
18327828623
18031319425
16501033913
15216393733
15614455509
13291397494
19825037177
18740243319
17109043363
13432652117
16559472706
13223778964
17240799268
17200838285
13393745165
18776111965
14539799563
15067451077
17230004576
15115063269
15339398481
17697244137
15647941865
15903673898
17554267002
18068823625
18948844809
18603797365
13960749381
18156041225
18153903987
15627601014
15798581206
13975397511
19985356153
17272598575
18010013861
18251907238
19864274953
18501331396
18839784148
15511711859
16631099328
18222417531
15531722506
14771139603
15551715543
15287439695
18380097936
13986717210
13832216549
14928747663
15724044910
15669821408
15052161660
16505282033
18297457356
18815313315
14562035166
18406081145
17572181280
17309344200
15641475087
18633267269
17549194025
13566795798
19801833457
18762299779
13660326572
18703149806
13719118663
14758227722
18391057605
13829671867
13583019982
16571574372
13524904363
13294873552
18087584086
18664242348
17317734031
13428136534
13725273177
18034106430
14535482491
15838706637
13117789786
13670009897
15546614855
17697889915
13954979919
17216007143
18066561715
18178342760
15855802581
18786562512
13466306151
13968139655
13089907510
17651275290
17874906692
14791426196
13654029114
17266525724
18276312482
18200474169
17122023585
13318417595
17576938915
13650237979
18445564371
17508857529
17349856937
13640606875
18967477738
17735175103
13113817929
18196192347
14706618969
17819864821
15989074600
13410454623
18115202566
18602943600
17128251006
14775778212
15907015796
14701833226
15015301214
17205105139
14765653753
18885685845
18646202736
15185279371
17754238928
17199371255
18174531392
18810467536
17740783370
13227547301
17124227583
18174453939
15718258220
13763299642
13486276273
18178547290
18823441445
15841733367
17173182266
15102206399
17559556841
18770728041
15818846174
13844335615
13792088803
13603603024
13985264849
14542337570
17757431577
17186038524
16530735947
15913091319
18899173383
17659825917
13983684430
16656832737
13771921531
15950095776
13244026498
15856827587
18832671260
